N     Cond. Index         Max Error           RMS Error           Time                Memory (kb)         
--------------------------------------------------------------------------------------------------------------------------------------------------------------------------------------------------------
5     3.666667e+00        0.000000e+00        0.000000e+00        1.413000e-06        11292               
6     4.333333e+00        0.000000e+00        0.000000e+00        1.383000e-06        11292               
7     5.000000e+00        1.084202e-19        1.548860e-20        1.854000e-06        11292               
8     5.666667e+00        1.084202e-19        1.355253e-20        2.615000e-06        11292               
9     6.333333e+00        1.084202e-19        1.204669e-20        3.557000e-06        11292               
10    7.000000e+00        1.084202e-19        1.533293e-20        4.639000e-06        11292               
11    7.666667e+00        1.084202e-19        1.393903e-20        6.032000e-06        11292               
12    8.333333e+00        1.084202e-19        1.277745e-20        7.524000e-06        11292               
13    9.000000e+00        1.084202e-19        1.251003e-20        9.428000e-06        11292               
14    9.666667e+00        1.084202e-19        1.161645e-20        1.232400e-05        11292               
15    1.033333e+01        1.084202e-19        1.084202e-20        1.474700e-05        11292               
16    1.100000e+01        1.084202e-19        1.016440e-20        1.764300e-05        11292               
17    1.166667e+01        1.084202e-19        1.149749e-20        2.098900e-05        11292               
18    1.233333e+01        1.084202e-19        1.241744e-20        2.448600e-05        11292               
19    1.300000e+01        1.084202e-19        1.176389e-20        2.856400e-05        11292               
20    1.366667e+01        1.084202e-19        1.117570e-20        3.303200e-05        11292               
30    2.033333e+01        1.084202e-19        7.876546e-21        1.116000e-04        11292               
40    2.700000e+01        1.084202e-19        7.042100e-21        2.430790e-04        11292               
50    3.366667e+01        1.084202e-19        6.770840e-21        4.640270e-04        11292               
60    4.033333e+01        1.084202e-19        5.993153e-21        7.924870e-04        11292               
70    4.700000e+01        1.084202e-19        5.998710e-21        1.258688e-03        11332               
80    5.366667e+01        1.084202e-19        5.587850e-21        1.858823e-03        11380               
90    6.033333e+01        1.084202e-19        5.618203e-21        2.637524e-03        11432               
100   6.700000e+01        1.084202e-19        5.339077e-21        3.589533e-03        11432               
200   1.336667e+02        1.084202e-19        3.502745e-21        2.819620e-02        11432               
300   2.003333e+02        1.084202e-19        2.710505e-21        9.454183e-02        16044               
400   2.670000e+02        1.084202e-19        2.307912e-21        2.246108e-01        22608               
500   3.336667e+02        1.084202e-19        2.028357e-21        4.359427e-01        15416               
600   4.003333e+02        1.084202e-19        1.882235e-21        7.548514e-01        24480               
700   4.670000e+02        1.084202e-19        1.762573e-21        1.195860e+00        30572               
800   5.336667e+02        1.084202e-19        1.612124e-21        1.781927e+00        20620               
900   6.003333e+02        1.084202e-19        1.521416e-21        2.537083e+00        23652               
1000  6.670000e+02        1.084202e-19        1.417778e-21        3.476095e+00        26620               
