N     Max Error           RMS Error           
--------------------------------------------------------------------------------------------------------------------------------------------------------------------------------------------------------
5     2.38419e-07         5.84004e-08         
6     1.78814e-07         3.717e-08           
7     1.2517e-06          2.53311e-07         
8     6.55651e-07         1.39785e-07         
9     3.15905e-06         5.74043e-07         
10    1.07288e-06         1.80692e-07         
11    1.78814e-06         3.31555e-07         
12    2.86102e-06         3.14183e-07         
13    3.57628e-06         4.83601e-07         
14    2.6226e-06          3.92681e-07         
15    3.45707e-06         3.92144e-07         
16    6.4373e-06          7.12164e-07         
17    5.96046e-06         4.85916e-07         
18    6.67572e-06         8.5502e-07          
19    1.06096e-05         8.46421e-07         
20    1.45435e-05         1.16168e-06         
30    3.99351e-05         2.4731e-06          
40    3.51667e-05         2.41453e-06         
50    0.000105739         5.69181e-06         
60    0.000133157         7.4771e-06          
70    0.000352681         1.50038e-05         
80    0.000380337         1.48353e-05         
90    0.00056529          2.3197e-05          
100   0.000714421         2.55507e-05         
200   0.0049994           0.000107691         
300   0.0110672           0.000203138         
400   0.0377874           0.000455869         
500   0.0841224           0.000615384         
600   0.138605            0.000845643         
700   0.142229            0.00110995          
800   0.307296            0.00168152          
900   0.258               0.0020388           
1000  0.94901             0.00269075          
