N     Max Error           RMS Error           Time                Memory (kb)         
--------------------------------------------------------------------------------------------------------------------------------------------------------------------------------------------------------
5     0                   0                   1.503e-06           7388                
6     0                   0                   9.12e-07            7388                
7     0                   0                   1.172e-06           7388                
8     0                   0                   1.553e-06           7388                
9     0                   0                   2.024e-06           7388                
10    0                   0                   2.635e-06           7388                
11    0                   0                   3.377e-06           7388                
12    5.96046e-08         4.96705e-09         4.158e-06           7388                
13    5.96046e-08         4.58497e-09         5.731e-06           7388                
14    5.96046e-08         4.25747e-09         6.994e-06           7388                
15    1.19209e-07         8.88534e-09         8.406e-06           7388                
16    1.19209e-07         8.33e-09            9.999e-06           7388                
17    1.19209e-07         7.84e-09            1.1873e-05          7388                
18    1.19209e-07         7.40445e-09         1.3916e-05          7388                
19    1.19209e-07         7.01474e-09         2.5248e-05          7388                
20    1.19209e-07         6.664e-09           1.9467e-05          7388                
30    1.19209e-07         4.44267e-09         6.0925e-05          7388     ???cacheL1? 
40    1.19209e-07         7.45058e-09         0.000137429         7388                
50    1.19209e-07         7.34855e-09         0.000276092         7388                
60    1.19209e-07         6.43804e-09         0.000489074         7388                
70    1.19209e-07         6.08089e-09         0.000688211         7388                
80    1.19209e-07         5.5255e-09          0.00103283          7388                
90    1.19209e-07         4.91155e-09         0.001468            7388                
100   1.19209e-07         4.4204e-09          0.00235982          7388                
200   1.19209e-07         2.2102e-09          0.0157718           7548                
300   1.19209e-07         1.47347e-09         0.0508052           7740                
400   1.19209e-07         1.1051e-09          0.119581            8016                
500   1.19209e-07         8.8408e-10          0.233498            8368                
600   1.19209e-07         7.36733e-10         0.400955            8796                
700   1.19209e-07         6.31486e-10         0.633374            9304                
800   1.19209e-07         5.5255e-10          0.944794            9892                
900   1.19209e-07         4.91155e-10         1.34302             10556               
1000  1.19209e-07         4.4204e-10          1.84036             11296               
