N     Cond. Index         Max Error           RMS Error           
--------------------------------------------------------------------------------------------------------------------------------------------------------------------------------------------------------
5     4.063492e+00        2.168404e-19        5.311484e-20        
6     5.050505e+00        5.421011e-19        1.258432e-19        
7     6.041958e+00        8.131516e-19        1.562354e-19        
8     7.035897e+00        4.336809e-19        7.298259e-20        
9     8.031373e+00        9.757820e-19        1.550938e-19        
10    9.027864e+00        9.757820e-19        1.384217e-19        
11    1.002506e+01        8.673617e-19        1.430025e-19        
12    1.102277e+01        1.301043e-18        1.896278e-19        
13    1.202087e+01        1.517883e-18        2.113993e-19        
14    1.301926e+01        3.252607e-18        3.526209e-19        
15    1.401788e+01        2.927346e-18        2.992869e-19        
16    1.501669e+01        3.903128e-18        4.452913e-19        
17    1.601564e+01        5.204170e-18        5.315886e-19        
18    1.701472e+01        5.095750e-18        4.807181e-19        
19    1.801390e+01        5.637851e-18        5.680447e-19        
20    1.901317e+01        5.854692e-18        6.519597e-19        
30    2.900862e+01        1.799776e-17        1.315692e-18        
40    3.900641e+01        3.935654e-17        1.687523e-18        
50    4.900510e+01        5.301749e-17        2.509947e-18        
60    5.900424e+01        8.744091e-17        3.830253e-18        
70    6.900362e+01        1.108055e-16        4.425677e-18        
80    7.900316e+01        1.460420e-16        5.262250e-18        
90    8.900281e+01        3.268870e-16        8.090528e-18        
100   9.900253e+01        3.127923e-16        9.247497e-18        
200   1.990013e+02        9.637473e-16        2.072465e-17        
300   2.990008e+02        2.464825e-15        3.345003e-17        
400   3.990006e+02        3.182350e-15        4.225458e-17        
500   4.990005e+02        7.238079e-15        6.498923e-17        
600   5.990004e+02        1.041604e-14        8.715181e-17        
700   6.990004e+02        1.338545e-14        1.091190e-16        
800   7.990003e+02        1.401689e-14        1.268666e-16        
900   8.990003e+02        2.195835e-14        1.669264e-16        
1000  9.990003e+02        2.988088e-14        1.903672e-16        
