N     Max Error           RMS Error           
--------------------------------------------------------------------------------------------------------------------------------------------------------------------------------------------------------
5     9.99201e-16         2.45256e-16         
6     1.22125e-15         2.76319e-16         
7     1.66533e-15         3.49288e-16         
8     1.88738e-15         4.14711e-16         
9     4.55191e-15         7.03033e-16         
10    6.32827e-15         1.1927e-15          
11    9.4369e-15          1.2039e-15          
12    1.18794e-14         1.58255e-15         
13    1.04361e-14         1.2216e-15          
14    9.10383e-15         1.25632e-15         
15    1.27676e-14         1.61639e-15         
16    9.65894e-15         1.13334e-15         
17    1.39888e-14         1.76328e-15         
18    1.9984e-14          2.072e-15           
19    1.38778e-14         1.66337e-15         
20    2.14273e-14         2.3769e-15          
30    7.9492e-14          5.38773e-15         
40    1.44551e-13         8.5386e-15          
50    1.91402e-13         1.25143e-14         
60    4.00346e-13         1.87784e-14         
70    3.68927e-13         1.8326e-14          
80    5.55334e-13         2.19737e-14         
90    1.35536e-12         4.18865e-14         
100   1.43063e-12         4.14967e-14         
200   1.29701e-11         2.21902e-13         
300   2.40576e-11         3.9009e-13          
400   5.52789e-11         7.64348e-13         
500   1.37074e-10         1.29092e-12         
600   1.31413e-10         1.41045e-12         
700   2.97932e-10         1.96262e-12         
800   3.74139e-10         2.80875e-12         
900   5.4239e-10          3.89745e-12         
1000  7.58932e-10         4.78288e-12         
