N     Cond. Index         Max Error           RMS Error           
--------------------------------------------------------------------------------------------------------------------------------------------------------------------------------------------------------
5     1.344000e+05        1.223793e-15        3.489517e-16        
6     3.969000e+06        1.712557e-14        4.156797e-15        
7     1.152598e+08        8.462393e-14        1.749036e-14        
8     3.541618e+09        1.829000e-11        3.435844e-12        
9     1.060518e+11        3.309861e-10        5.957657e-11        
10    3.363975e+12        4.387480e-09        6.921168e-10        
11    1.029378e+14        5.424127e-07        7.886189e-08        
12    3.252897e+15        1.620328e-05        2.280057e-06        
13    1.034974e+17        5.159916e-04        6.720673e-05        
14    3.159054e+18        1.280550e-02        1.545734e-03        
15    5.283280e+19        4.002059e-01        4.644073e-02        
16    7.923100e+19        4.957334e-01        5.444804e-02        
17    1.308875e+20        9.382205e+02        1.024529e+02        
18    1.853490e+20        7.771242e+00        7.378585e-01        
19    2.931340e+20        2.951641e+00        2.550109e-01        
20    1.472402e+20        3.097086e+00        3.142893e-01        
30    2.632324e+21        1.351231e+01        9.426404e-01        
40    5.784205e+21        4.533787e+00        2.717756e-01        
50    1.308625e+21        6.503221e+00        3.584350e-01        
60    1.933844e+21        2.044477e+01        8.112988e-01        
70    2.193733e+21        3.229407e+01        1.510224e+00        
80    2.456658e+21        1.613961e+01        7.549471e-01        
90    1.456835e+21        1.953707e+01        7.827480e-01        
100   9.422349e+21        1.263093e+01        4.396511e-01        
200   5.133687e+21        2.827767e+01        4.432485e-01        
300   2.869188e+21        4.174322e+01        5.434292e-01        
400   1.901056e+21        2.206141e+01        2.816980e-01        
500   2.604636e+21        7.408034e+02        6.293893e+00        
600   1.382983e+22        8.294609e+01        6.629097e-01        
700   7.941945e+21        2.415319e+02        1.379361e+00        
800   3.418072e+21        1.983391e+02        1.064842e+00        
900   1.325461e+22        3.911820e+01        2.405560e-01        
1000  2.686597e+21        1.388748e+02        6.773793e-01        
