N     Max Error           RMS Error           Time                
--------------------------------------------------------------------------------------------------------------------------------------------------------------------------------------------------------
5     5.96046e-08         1.19209e-08         4.91e-07            
6     5.96046e-08         9.93411e-09         2.2e-07             
7     5.96046e-08         8.51495e-09         2.2e-07             
8     5.96046e-08         7.45058e-09         2.1e-07             
9     5.96046e-08         6.62274e-09         2.4e-07             
10    5.96046e-08         5.96046e-09         2.6e-07             
11    1.19209e-07         1.21164e-08         2.8e-07             
12    1.19209e-07         1.21667e-08         2.9e-07             
13    1.19209e-07         1.37549e-08         3.3e-07             
14    1.19209e-07         1.27724e-08         3.41e-07            
15    1.19209e-07         1.4868e-08          3.61e-07            
16    1.19209e-07         1.39388e-08         3.71e-07            
17    1.19209e-07         1.31188e-08         3.81e-07            
18    1.19209e-07         1.40489e-08         4.1e-07             
19    1.19209e-07         1.33095e-08         4.21e-07            
20    1.19209e-07         1.42927e-08         4.41e-07            
30    1.19209e-07         1.19209e-08         6.31e-07            
40    1.19209e-07         9.88431e-09         8.22e-07            
50    1.19209e-07         9.53674e-09         9.92e-07            
60    1.19209e-07         8.88534e-09         1.192e-06           
70    1.19209e-07         8.55742e-09         1.363e-06           
80    1.19209e-07         8.05904e-09         1.543e-06           
90    1.78814e-07         7.83613e-09         1.744e-06           
100   1.78814e-07         7.83977e-09         1.934e-06           
200   1.78814e-07         5.19621e-09         3.798e-06           
300   1.78814e-07         4.29815e-09         5.721e-06           
400   2.38419e-07         3.99562e-09         7.645e-06           
500   2.38419e-07         3.54234e-09         9.348e-06           
600   2.38419e-07         3.22208e-09         1.1241e-05          
700   2.38419e-07         3.00808e-09         1.3135e-05          
800   2.38419e-07         2.88752e-09         1.4928e-05          
900   2.38419e-07         2.68772e-09         1.6722e-05          
1000  2.38419e-07         2.61854e-09         1.8566e-05          
