N     Max Error           RMS Error           Time                
--------------------------------------------------------------------------------------------------------------------------------------------------------------------------------------------------------
5     2.22045e-16         6.66134e-17         4.61e-07            
6     2.22045e-16         5.55112e-17         2.3e-07             
7     2.22045e-16         5.01548e-17         2.3e-07             
8     2.22045e-16         4.38854e-17         2.41e-07            
9     2.22045e-16         4.61564e-17         2.61e-07            
10    2.22045e-16         4.15407e-17         2.8e-07             
11    2.22045e-16         4.73401e-17         3.01e-07            
12    2.22045e-16         3.92523e-17         3.2e-07             
13    2.22045e-16         3.72258e-17         3.41e-07            
14    2.22045e-16         4.04361e-17         3.6e-07             
15    2.22045e-16         3.77403e-17         3.81e-07            
16    2.22045e-16         3.53816e-17         4.11e-07            
17    2.22045e-16         3.33003e-17         4.21e-07            
18    2.22045e-16         3.59648e-17         4.41e-07            
19    2.22045e-16         3.40719e-17         4.61e-07            
20    2.22045e-16         3.23683e-17         4.71e-07            
30    2.22045e-16         2.39836e-17         6.81e-07            
40    2.22045e-16         2.498e-17           8.71e-07            
50    2.22045e-16         2.1065e-17          1.062e-06           
60    2.22045e-16         2.01852e-17         1.263e-06           
70    2.22045e-16         1.70083e-17         1.462e-06           
80    2.22045e-16         1.56395e-17         1.643e-06           
90    2.22045e-16         1.4803e-17          1.853e-06           
100   2.22045e-16         1.3552e-17          2.034e-06           
200   4.44089e-16         1.18539e-17         4.067e-06           
300   4.44089e-16         9.39143e-18         5.982e-06           
400   4.44089e-16         7.98666e-18         7.955e-06           
500   4.44089e-16         6.99352e-18         9.969e-06           
600   4.44089e-16         6.34545e-18         1.1883e-05          
700   4.44089e-16         5.87261e-18         1.3837e-05          
800   4.44089e-16         5.59259e-18         1.574e-05           
900   4.44089e-16         5.19717e-18         1.7704e-05          
1000  4.44089e-16         4.90513e-18         1.9658e-05          
