N     Max Error           RMS Error           Time                
--------------------------------------------------------------------------------------------------------------------------------------------------------------------------------------------------------
5     5.42101e-20         1.53329e-20         5.31e-07            
6     5.42101e-20         1.27774e-20         3.2e-07             
7     1.0842e-19          2.32329e-20         3.31e-07            
8     1.0842e-19          2.03288e-20         3.51e-07            
9     1.0842e-19          1.807e-20           3.91e-07            
10    1.0842e-19          1.95457e-20         4.21e-07            
11    1.0842e-19          1.77688e-20         4.61e-07            
12    1.0842e-19          1.62881e-20         5.01e-07            
13    1.0842e-19          1.71934e-20         5.41e-07            
14    1.0842e-19          1.64281e-20         5.81e-07            
15    2.1684e-19          2.22782e-20         6.41e-07            
16    2.1684e-19          2.08858e-20         6.51e-07            
17    2.1684e-19          2.16277e-20         6.81e-07            
18    2.1684e-19          2.04262e-20         7.22e-07            
19    2.1684e-19          2.01749e-20         7.61e-07            
20    2.1684e-19          1.91662e-20         7.91e-07            
30    2.1684e-19          1.71427e-20         1.183e-06           
40    2.1684e-19          1.45335e-20         1.543e-06           
50    2.1684e-19          1.23618e-20         1.944e-06           
60    2.1684e-19          1.0842e-20          2.294e-06           
70    2.1684e-19          1.0274e-20          2.696e-06           
80    2.1684e-19          9.29114e-21         3.076e-06           
90    2.1684e-19          8.3679e-21          3.447e-06           
100   2.1684e-19          8.13152e-21         3.827e-06           
200   2.1684e-19          5.61408e-21         7.575e-06           
300   2.1684e-19          4.67382e-21         1.1341e-05          
400   2.1684e-19          3.93257e-21         1.5029e-05          
500   2.1684e-19          3.42855e-21         1.8816e-05          
600   2.1684e-19          3.08913e-21         3.3514e-05          
700   2.1684e-19          2.86225e-21         2.631e-05           
800   2.1684e-19          2.72318e-21         2.9998e-05          
900   2.1684e-19          2.51975e-21         3.5768e-05          
1000  2.1684e-19          2.41159e-21         3.7642e-05          
