N     Max Error           RMS Error           Time                Memory (kb)         
--------------------------------------------------------------------------------------------------------------------------------------------------------------------------------------------------------
5     0                   0                   1.082e-06           7388                
6     0                   0                   8.12e-07            7388                
7     0                   0                   1.042e-06           7388                
8     2.22045e-16         2.77556e-17         1.443e-06           7388                
9     2.22045e-16         3.48909e-17         1.943e-06           7388                
10    2.22045e-16         3.84593e-17         2.574e-06           7388                
11    2.22045e-16         3.4963e-17          3.286e-06           7388                
12    2.22045e-16         3.20494e-17         4.118e-06           7388                
13    2.22045e-16         3.41607e-17         5.08e-06            7388                
14    2.22045e-16         3.17207e-17         6.873e-06           7388                
15    2.22045e-16         3.05171e-17         8.186e-06           7388                
16    2.22045e-16         2.86098e-17         9.789e-06           7388                
17    2.22045e-16         2.69269e-17         1.1482e-05          7388                
18    2.22045e-16         2.82649e-17         1.3475e-05          7388                
19    2.22045e-16         2.67773e-17         1.563e-05           7388                
20    2.22045e-16         2.54384e-17         1.7994e-05          7388                
30    2.22045e-16         1.85037e-17         6.0424e-05          7388                
40    2.22045e-16         1.59444e-17         0.000135245         7388                
50    2.22045e-16         1.35064e-17         0.000256214         7388                
60    2.22045e-16         1.32143e-17         0.00043382          7388                
70    2.22045e-16         1.17623e-17         0.000679935         7388                
80    2.22045e-16         1.06597e-17         0.001003            7388                
90    2.22045e-16         1.00973e-17         0.00141856          7528                
100   2.22045e-16         9.48575e-18         0.00192848          7528                
200   2.22045e-16         6.28037e-18         0.0149373           7776                
300   2.22045e-16         5.33729e-18         0.0498628           8168                
400   2.22045e-16         4.58597e-18         0.11745             8716                
500   2.22045e-16         4.07014e-18         0.228681            9420                
600   2.22045e-16         3.89898e-18         0.394226            10276               
700   2.22045e-16         3.68902e-18         0.624198            11292               
800   2.22045e-16         3.39084e-18         0.930117            16296               
900   2.22045e-16         3.21679e-18         1.32729             17624               
1000  2.22045e-16         2.99966e-18         1.81218             19108               
